start,stop,num_samp,samp_period,C_UV_HWP,C_QP,C_PCC,B_C_HWP,B_C_QWP,B_HWP,B_QWP,A_HWP,A_QWP,A,B,Ap,Bp,C4,C5,C6,C7,A_SEM,B_SEM,Ap_SEM,Bp_SEM,C4_SEM,C5_SEM,C6_SEM,C7_SEM,note
2025-06-05_12-14-13,2025-06-05_12-14-28,5,3,-64.9350714285714,-19.991350446428555,1.0080915178571423,0.0065669642857143495,-0.007437499999980446,0.0009140624999872671,135.00207421875,22.5000821685791,-2.197265627046363e-05,24895.533333333333,27026.6,0.0,552.7333333333333,1205.2,0.0,0.2,0.0,56.54817022287782,29.000268197993478,0.0,4.725110227991153,2.926127512980623,0.0,0.0816496580927726,0.0,
2025-06-05_12-14-29,2025-06-05_12-14-44,5,3,-64.9350714285714,-18.9140625,1.0080915178571423,0.0065669642857143495,-0.007437499999980446,0.0009140624999872671,135.00207421875,22.5000821685791,-2.197265627046363e-05,25059.133333333335,27079.533333333333,0.0,559.6,1100.1333333333334,0.0,0.0,0.0,18.081174986401955,36.112263229483816,0.0,5.33999583853354,10.465605041701563,0.0,0.0,0.0,
2025-06-05_12-14-45,2025-06-05_12-15-00,5,3,-64.9350714285714,-17.776506696428555,1.0080915178571423,0.0065669642857143495,-0.007437499999980446,0.0009140624999872671,135.00207421875,22.5000821685791,-2.197265627046363e-05,25195.26666666667,27173.466666666667,0.0,548.8000000000001,969.4666666666666,0.0,0.06666666666666667,0.0,27.65148177665067,64.85039192891051,0.0,5.905364792570674,9.732876701617498,0.0,0.06666666666666667,0.0,
2025-06-05_12-15-01,2025-06-05_12-15-16,5,3,-64.9350714285714,-16.669084821428555,1.0080915178571423,0.0065669642857143495,-0.007437499999980446,0.0009140624999872671,135.00207421875,22.5000821685791,-2.197265627046363e-05,25186.533333333333,27178.533333333336,0.0,548.7333333333333,864.5333333333332,0.0,0.0,0.0,44.337293056247454,49.743631641536375,0.0,9.971292126232521,6.847221658778432,0.0,0.0,0.0,
2025-06-05_12-15-17,2025-06-05_12-15-32,5,3,-64.9350714285714,-15.559151785714278,1.0080915178571423,0.0065669642857143495,-0.007437499999980446,0.0009140624999872671,135.00207421875,22.5000821685791,-2.197265627046363e-05,25309.73333333333,27210.533333333336,0.0,557.3333333333333,746.6,0.0,0.2,0.0,44.48637744049041,37.36332128943823,0.0,4.485780001540674,3.528298299306481,0.0,0.0816496580927726,0.0,
2025-06-05_12-15-33,2025-06-05_12-15-48,5,3,-64.9350714285714,-14.439174107142833,1.0080915178571423,0.0065669642857143495,-0.007437499999980446,0.0009140624999872671,135.00207421875,22.5000821685791,-2.197265627046363e-05,25445.06666666667,27309.8,0.0,559.3333333333334,632.7333333333332,0.0,0.13333333333333333,0.0,29.497344513249562,57.64494774045681,0.0,5.469105147198322,4.950196404633299,0.0,0.0816496580927726,0.0,
2025-06-05_12-15-49,2025-06-05_12-16-04,5,3,-64.9350714285714,-13.336774553571445,1.0080915178571423,0.0065669642857143495,-0.007437499999980446,0.0009140624999872671,135.00207421875,22.5000821685791,-2.197265627046363e-05,25391.4,27200.466666666664,0.0,554.8666666666667,548.3333333333333,0.0,0.13333333333333333,0.0,23.152009751975317,71.87277339546321,0.0,4.161463417810837,7.321960878829599,0.0,0.13333333333333333,0.0,
2025-06-05_12-16-05,2025-06-05_12-16-21,5,3,-64.9350714285714,-12.219308035714278,1.0080915178571423,0.0065669642857143495,-0.007437499999980446,0.0009140624999872671,135.00207421875,22.5000821685791,-2.197265627046363e-05,25364.73333333333,27079.6,0.0,551.2,446.4,0.0,0.13333333333333333,0.0,26.206318152520165,40.765235733948835,0.0,2.3347614677116595,3.8978626621949264,0.0,0.0816496580927726,0.0,
2025-06-05_12-16-22,2025-06-05_12-16-37,5,3,-64.9350714285714,-11.106863839285722,1.0080915178571423,0.0065669642857143495,-0.007437499999980446,0.0009140624999872671,135.00207421875,22.5000821685791,-2.197265627046363e-05,25467.133333333335,27235.0,0.0,549.7333333333333,364.73333333333335,0.0,0.06666666666666667,0.0,42.31871138554865,42.77265481589862,0.0,4.985980344927172,2.62339898266013,0.0,0.06666666666666667,0.0,
2025-06-05_12-16-38,2025-06-05_12-16-53,5,3,-64.9350714285714,-9.996930803571445,1.0080915178571423,0.0065669642857143495,-0.007437499999980446,0.0009140624999872671,135.00207421875,22.5000821685791,-2.197265627046363e-05,25279.066666666666,27080.86666666667,0.0,557.2666666666667,302.8666666666667,0.0,0.06666666666666667,0.0,42.31973534888939,26.398148083193455,0.0,6.400000000000013,5.612090123613086,0.0,0.06666666666666667,0.0,
