start,stop,num_samp,samp_period,C_UV_HWP,C_QP,C_PCC,B_C_HWP,B_C_QWP,B_HWP,B_QWP,A_HWP,A_QWP,A,B,Ap,Bp,C4,C5,C6,C7,A_SEM,B_SEM,Ap_SEM,Bp_SEM,C4_SEM,C5_SEM,C6_SEM,C7_SEM,note
2025-07-11_11-33-11,2025-07-11_11-33-26,5,3,-64.54333035714285,-19.991350446428555,1.0005580357142847,0.009078125000000048,-0.00994866071425804,0.0009140624999872671,44.999876953124996,22.5000821685791,-0.0005407714843954636,23097.333333333332,26803.533333333333,0.0,515.4666666666666,220.2666666666667,0.0,0.06666666666666667,0.0,53.06316990154278,58.39354987211015,0.0,1.6384274303259343,1.203698005684522,0.0,0.06666666666666667,0.0,
2025-07-11_11-33-27,2025-07-11_11-33-42,5,3,-64.54333035714285,-18.891462053571445,1.0005580357142847,0.009078125000000048,-0.00994866071425804,0.0009140624999872671,44.999876953124996,22.5000821685791,-0.0005407714843954636,23009.866666666665,26734.2,0.0,526.3333333333333,313.8666666666667,0.0,0.0,0.0,32.059077410999265,13.232367722956612,0.0,7.9042885687313875,5.166774192429499,0.0,0.0,0.0,
2025-07-11_11-33-43,2025-07-11_11-33-58,5,3,-64.54333035714285,-17.781529017857167,1.0005580357142847,0.009078125000000048,-0.00994866071425804,0.0009140624999872671,44.999876953124996,22.5000821685791,-0.0005407714843954636,23081.933333333334,26670.26666666667,0.0,519.0,421.2666666666666,0.0,0.2,0.0,45.38690462138971,38.695736199224726,0.0,4.006938426723759,4.115553155746841,0.0,0.0816496580927726,0.0,
2025-07-11_11-33-59,2025-07-11_11-34-14,5,3,-64.54333035714285,-16.6640625,1.0005580357142847,0.009078125000000048,-0.00994866071425804,0.0009140624999872671,44.999876953124996,22.5000821685791,-0.0005407714843954636,23313.000000000004,26870.066666666662,0.0,513.6,523.4000000000001,0.0,0.06666666666666667,0.0,40.72632236445296,46.09090052397647,0.0,3.6368484525295552,6.628557744922933,0.0,0.06666666666666667,0.0,
2025-07-11_11-34-15,2025-07-11_11-34-30,5,3,-64.54333035714285,-15.561662946428555,1.0005580357142847,0.009078125000000048,-0.00994866071425804,0.0009140624999872671,44.999876953124996,22.5000821685791,-0.0005407714843954636,23148.266666666666,26668.8,0.0,518.8,607.1333333333334,0.0,0.06666666666666667,0.0,19.31044622305087,41.60590235905387,0.0,3.383949040856129,2.784081735709475,0.0,0.06666666666666667,0.0,
2025-07-11_11-34-31,2025-07-11_11-34-46,5,3,-64.54333035714285,-14.439174107142833,1.0005580357142847,0.009078125000000048,-0.00994866071425804,0.0009140624999872671,44.999876953124996,22.5000821685791,-0.0005407714843954636,23265.333333333336,26676.666666666668,0.0,519.1333333333333,701.7333333333333,0.0,0.06666666666666667,0.0,18.16192598695293,29.268109303852146,0.0,4.039526924997244,8.373503182990714,0.0,0.06666666666666667,0.0,
2025-07-11_11-34-47,2025-07-11_11-35-02,5,3,-64.54333035714285,-13.331752232142833,1.0005580357142847,0.009078125000000048,-0.00994866071425804,0.0009140624999872671,44.999876953124996,22.5000821685791,-0.0005407714843954636,23568.933333333334,27051.4,0.0,515.4666666666668,817.3333333333334,0.0,0.13333333333333333,0.0,43.3848924037951,50.318585035750104,0.0,5.494037171738519,6.949820141557625,0.0,0.0816496580927726,0.0,
2025-07-11_11-35-03,2025-07-11_11-35-18,5,3,-64.54333035714285,-12.226841517857167,1.0005580357142847,0.009078125000000048,-0.00994866071425804,0.0009140624999872671,44.999876953124996,22.5000821685791,-0.0005407714843954636,23379.733333333334,26999.2,0.0,516.1333333333333,878.7333333333333,0.0,0.06666666666666667,0.0,30.56294052170571,41.62739482600387,0.0,3.9392610700203265,5.695417261077341,0.0,0.06666666666666667,0.0,
2025-07-11_11-35-19,2025-07-11_11-35-34,5,3,-64.54333035714285,-11.114397321428555,1.0005580357142847,0.009078125000000048,-0.00994866071425804,0.0009140624999872671,44.999876953124996,22.5000821685791,-0.0005407714843954636,23329.26666666667,26859.06666666667,0.0,516.2,963.2666666666667,0.0,0.0,0.0,22.743594946953955,53.27115125051823,0.0,6.955892785577163,7.608036686440349,0.0,0.0,0.0,
2025-07-11_11-35-34,2025-07-11_11-35-50,5,3,-64.54333035714285,-10.001953125,1.0005580357142847,0.009078125000000048,-0.00994866071425804,0.0009140624999872671,44.999876953124996,22.5000821685791,-0.0005407714843954636,23534.93333333333,27116.86666666667,0.0,514.6,1020.2,0.0,0.06666666666666667,0.0,12.347469376353507,57.81624147052295,0.0,5.668039049500872,11.194046036472535,0.0,0.06666666666666667,0.0,
