start,stop,num_samp,samp_period,C_UV_HWP,C_QP,C_PCC,B_C_HWP,B_C_QWP,B_HWP,B_QWP,A_HWP,A_QWP,A,B,Ap,Bp,C4,C5,C6,C7,A_SEM,B_SEM,Ap_SEM,Bp_SEM,C4_SEM,C5_SEM,C6_SEM,C7_SEM,note
2025-05-27_12-06-03,2025-05-27_12-06-07,3,1,-65.41029017857142,-19.998883928571445,0.998046875,0.002511160714285714,-0.002511160714277594,0.0012214355468813665,45.001992187499994,67.5019873046875,-0.0019624953270067635,28235.333333333332,29835.666666666668,0.0,502.3333333333333,1107.0,0.0,0.6666666666666666,0.0,101.83210583002679,85.19454859972622,0.0,12.25198396632607,27.78488797889961,0.0,0.33333333333333337,0.0,
2025-05-27_12-06-08,2025-05-27_12-06-11,3,1,-65.41029017857142,-18.893973214285722,0.998046875,0.002511160714285714,-0.002511160714277594,0.0012214355468813665,45.001992187499994,67.5019873046875,-0.0019624953270067635,28486.0,29864.0,0.0,522.6666666666666,927.0,0.0,0.3333333333333333,0.0,21.548395145191982,143.07457263026626,0.0,11.095544651395493,13.076696830622021,0.0,0.33333333333333337,0.0,
2025-05-27_12-06-12,2025-05-27_12-06-15,3,1,-65.41029017857142,-17.771484375,0.998046875,0.002511160714285714,-0.002511160714277594,0.0012214355468813665,45.001992187499994,67.5019873046875,-0.0019624953270067635,28539.666666666668,29761.666666666668,0.0,488.6666666666667,788.3333333333334,0.0,0.6666666666666666,0.0,18.260461233069787,56.333333333333336,0.0,11.723670263379317,6.009252125773316,0.0,0.6666666666666667,0.0,
2025-05-27_12-06-16,2025-05-27_12-06-19,3,1,-65.41029017857142,-16.6640625,0.998046875,0.002511160714285714,-0.002511160714277594,0.0012214355468813665,45.001992187499994,67.5019873046875,-0.0019624953270067635,28378.666666666668,29529.333333333332,0.0,503.6666666666667,653.3333333333334,0.0,0.3333333333333333,0.0,40.34985887349684,76.50780642813153,0.0,16.825905952165282,7.838650677536565,0.0,0.33333333333333337,0.0,
2025-05-27_12-06-20,2025-05-27_12-06-24,3,1,-65.41029017857142,-15.556640625,0.998046875,0.002511160714285714,-0.002511160714277594,0.0012214355468813665,45.001992187499994,67.5019873046875,-0.0019624953270067635,28752.333333333332,29787.333333333332,0.0,513.6666666666666,528.0,0.0,0.0,0.0,57.76196364775391,57.097382699306905,0.0,9.614803401237305,12.124355652982143,0.0,0.0,0.0,
2025-05-27_12-06-25,2025-05-27_12-06-28,3,1,-65.41029017857142,-14.441685267857167,0.998046875,0.002511160714285714,-0.002511160714277594,0.0012214355468813665,45.001992187499994,67.5019873046875,-0.0019624953270067635,28827.333333333332,29940.0,0.0,507.6666666666667,428.0,0.0,0.3333333333333333,0.0,29.156664951792948,120.0055554269607,0.0,12.23837316712388,7.211102550927979,0.0,0.33333333333333337,0.0,
2025-05-27_12-06-29,2025-05-27_12-06-32,3,1,-65.41029017857142,-13.32421875,0.998046875,0.002511160714285714,-0.002511160714277594,0.0012214355468813665,45.001992187499994,67.5019873046875,-0.0019624953270067635,28754.666666666668,29743.333333333332,0.0,499.3333333333333,339.0,0.0,0.0,0.0,70.494286608522,76.88158282565323,0.0,21.419098435223127,11.150485789118488,0.0,0.0,0.0,
2025-05-27_12-06-33,2025-05-27_12-06-37,3,1,-65.41029017857142,-12.26953125,0.998046875,0.002511160714285714,-0.002511160714277594,0.0012214355468813665,45.001992187499994,67.5019873046875,-0.0019624953270067635,29068.0,29910.666666666668,0.0,520.3333333333334,271.0,0.0,0.0,0.0,115.82026305156336,173.05233633531537,0.0,18.16896009988219,9.848857801796104,0.0,0.0,0.0,
2025-05-27_12-06-38,2025-05-27_12-06-41,3,1,-65.41029017857142,-11.101841517857167,0.998046875,0.002511160714285714,-0.002511160714277594,0.0012214355468813665,45.001992187499994,67.5019873046875,-0.0019624953270067635,28982.0,29818.333333333332,0.0,517.6666666666666,188.0,0.0,0.3333333333333333,0.0,53.52880844305554,151.34324490302754,0.0,15.856999856355062,4.932882862316247,0.0,0.33333333333333337,0.0,
2025-05-27_12-06-42,2025-05-27_12-06-46,3,1,-65.41029017857142,-9.991908482142833,0.998046875,0.002511160714285714,-0.002511160714277594,0.0012214355468813665,45.001992187499994,67.5019873046875,-0.0019624953270067635,28863.0,29765.333333333332,0.0,522.6666666666666,143.66666666666666,0.0,0.0,0.0,109.41815815180465,57.24023448977515,0.0,14.88100952369981,13.383239933256489,0.0,0.0,0.0,
