start,stop,num_samp,samp_period,C_UV_HWP,C_QP,C_PCC,B_C_HWP,B_C_QWP,B_HWP,B_QWP,A_HWP,A_QWP,A,B,Ap,Bp,C4,C5,C6,C7,A_SEM,B_SEM,Ap_SEM,Bp_SEM,C4_SEM,C5_SEM,C6_SEM,C7_SEM,note
2025-06-05_12-08-18,2025-06-05_12-08-33,5,3,-64.9350714285714,-19.998883928571445,1.0080915178571423,0.0065669642857143495,-0.007437499999980446,0.0009140624999872671,135.00207421875,67.50014892578125,-2.197265627046363e-05,24752.4,27049.4,0.0,542.3333333333333,292.7333333333333,0.0,0.06666666666666667,0.0,40.98433305002677,55.75535848687569,0.0,3.3944398981602624,1.5470401847829733,0.0,0.06666666666666667,0.0,
2025-06-05_12-08-34,2025-06-05_12-08-49,5,3,-64.9350714285714,-18.87890625,1.0080915178571423,0.0065669642857143495,-0.007437499999980446,0.0009140624999872671,135.00207421875,67.50014892578125,-2.197265627046363e-05,24872.133333333335,27171.533333333336,0.0,551.4666666666667,401.93333333333334,0.0,0.2,0.0,21.131230179260704,46.81341213322899,0.0,2.642809952388636,3.1294301930756183,0.0,0.1333333333333333,0.0,
2025-06-05_12-08-50,2025-06-05_12-09-06,5,3,-64.9350714285714,-17.776506696428555,1.0080915178571423,0.0065669642857143495,-0.007437499999980446,0.0009140624999872671,135.00207421875,67.50014892578125,-2.197265627046363e-05,24975.0,27175.6,0.0,559.0666666666667,515.2,0.0,0.2,0.0,53.61643612011349,58.80376027281104,0.0,9.234837422619973,5.583308457656035,0.0,0.2,0.0,
2025-06-05_12-09-07,2025-06-05_12-09-22,5,3,-64.9350714285714,-16.659040178571445,1.0080915178571423,0.0065669642857143495,-0.007437499999980446,0.0009140624999872671,135.00207421875,67.50014892578125,-2.197265627046363e-05,25070.933333333334,27157.0,0.0,562.9333333333333,626.4,0.0,0.26666666666666666,0.0,37.39405775729033,23.863500721114967,0.0,6.599158195473777,6.489649879273577,0.0,0.19436506316151003,0.0,
2025-06-05_12-09-23,2025-06-05_12-09-38,5,3,-64.9350714285714,-15.549107142857167,1.0080915178571423,0.0065669642857143495,-0.007437499999980446,0.0009140624999872671,135.00207421875,67.50014892578125,-2.197265627046363e-05,25243.733333333334,27274.86666666667,0.0,559.0,763.6666666666667,0.0,0.0,0.0,49.67241577464221,41.76875493582399,0.0,2.406010991015824,2.306994196399762,0.0,0.0,0.0,
2025-06-05_12-09-39,2025-06-05_12-09-54,5,3,-64.9350714285714,-14.439174107142833,1.0080915178571423,0.0065669642857143495,-0.007437499999980446,0.0009140624999872671,135.00207421875,67.50014892578125,-2.197265627046363e-05,25263.0,27354.8,0.0,566.6666666666666,867.4,0.0,0.0,0.0,48.66598173033963,41.8991646694776,0.0,7.607744592044197,6.742403132415026,0.0,0.0,0.0,
2025-06-05_12-09-55,2025-06-05_12-10-10,5,3,-64.9350714285714,-13.326729910714278,1.0080915178571423,0.0065669642857143495,-0.007437499999980446,0.0009140624999872671,135.00207421875,67.50014892578125,-2.197265627046363e-05,25257.86666666667,27206.0,0.0,542.4666666666667,969.2,0.0,0.2,0.0,48.939486443293966,49.568807396049735,0.0,6.763135367564362,8.914781732231779,0.0,0.13333333333333333,0.0,
2025-06-05_12-10-11,2025-06-05_12-10-26,5,3,-64.9350714285714,-12.214285714285722,1.0080915178571423,0.0065669642857143495,-0.007437499999980446,0.0009140624999872671,135.00207421875,67.50014892578125,-2.197265627046363e-05,25226.4,27203.466666666667,0.0,551.0,1053.0666666666668,0.0,0.13333333333333333,0.0,13.957236275296008,35.835364283530645,0.0,4.887626099538405,7.473954776421919,0.0,0.0816496580927726,0.0,
2025-06-05_12-10-27,2025-06-05_12-10-42,5,3,-64.9350714285714,-11.109375,1.0080915178571423,0.0065669642857143495,-0.007437499999980446,0.0009140624999872671,135.00207421875,67.50014892578125,-2.197265627046363e-05,25469.333333333336,27270.4,0.0,568.0,1144.0666666666666,0.0,0.06666666666666667,0.0,21.780215283090914,38.39725105901284,0.0,4.646384496454092,11.146200149727159,0.0,0.06666666666666667,0.0,
2025-06-05_12-10-43,2025-06-05_12-10-58,5,3,-64.9350714285714,-9.994419642857167,1.0080915178571423,0.0065669642857143495,-0.007437499999980446,0.0009140624999872671,135.00207421875,67.50014892578125,-2.197265627046363e-05,25302.6,27119.333333333332,0.0,559.3333333333334,1217.4666666666667,0.0,0.06666666666666667,0.0,38.44193312285691,49.41367332137047,0.0,5.725188012439227,11.128841409199397,0.0,0.06666666666666667,0.0,
