start,stop,num_samp,samp_period,C_UV_HWP,C_QP,C_PCC,B_C_HWP,B_C_QWP,B_HWP,B_QWP,A_HWP,A_QWP,A,B,Ap,Bp,C4,C5,C6,C7,A_SEM,B_SEM,Ap_SEM,Bp_SEM,C4_SEM,C5_SEM,C6_SEM,C7_SEM,note
2025-07-11_11-47-54,2025-07-11_11-48-09,5,3,-64.54333035714285,-20.001395089285722,1.0005580357142847,0.009078125000000048,-0.00994866071425804,0.0009140624999872671,135.00208947753907,0.001094970703150011,135.0001611328125,22882.2,26937.4,0.0,522.6000000000001,222.2,0.0,0.2,0.0,30.543338971951385,65.65764743475538,0.0,5.608921464952062,1.9165942015286748,0.0,0.13333333333333333,0.0,
2025-07-11_11-48-10,2025-07-11_11-48-26,5,3,-64.54333035714285,-18.888950892857167,1.0005580357142847,0.009078125000000048,-0.00994866071425804,0.0009140624999872671,135.00208947753907,0.001094970703150011,135.0001611328125,22816.933333333334,26924.86666666666,0.0,516.6666666666666,146.73333333333335,0.0,0.0,0.0,25.973148527747647,31.501781254751393,0.0,5.391351098441524,3.501428280002318,0.0,0.0,0.0,
2025-07-11_11-48-26,2025-07-11_11-48-42,5,3,-64.54333035714285,-17.784040178571445,1.0005580357142847,0.009078125000000048,-0.00994866071425804,0.0009140624999872671,135.00208947753907,0.001094970703150011,135.0001611328125,23023.866666666665,27053.86666666667,0.0,524.1333333333333,90.33333333333334,0.0,0.13333333333333333,0.0,35.44849158364197,20.49677481404776,0.0,7.020288059933459,2.2852182001336807,0.0,0.13333333333333333,0.0,
2025-07-11_11-48-42,2025-07-11_11-48-57,5,3,-64.54333035714285,-16.666573660714278,1.0005580357142847,0.009078125000000048,-0.00994866071425804,0.0009140624999872671,135.00208947753907,0.001094970703150011,135.0001611328125,22959.4,27136.4,0.0,517.0666666666666,54.8,0.0,0.06666666666666667,0.0,31.10223286018074,45.62350758594125,0.0,5.163332257370227,1.7211107524567448,0.0,0.06666666666666667,0.0,
2025-07-11_11-48-58,2025-07-11_11-49-13,5,3,-64.54333035714285,-15.546595982142833,1.0005580357142847,0.009078125000000048,-0.00994866071425804,0.0009140624999872671,135.00208947753907,0.001094970703150011,135.0001611328125,22772.4,26918.0,0.0,520.9999999999999,36.53333333333333,0.0,0.13333333333333333,0.0,47.73833772649505,16.920401886480068,0.0,5.407813277512855,1.4126413400278057,0.0,0.0816496580927726,0.0,
2025-07-11_11-49-14,2025-07-11_11-49-29,5,3,-64.54333035714285,-14.441685267857167,1.0005580357142847,0.009078125000000048,-0.00994866071425804,0.0009140624999872671,135.00208947753907,0.001094970703150011,135.0001611328125,22925.533333333333,26939.533333333333,0.0,518.1333333333333,33.8,0.0,0.2,0.0,30.504571606381926,37.758531044873386,0.0,3.8709746117023847,1.27627931460511,0.0,0.0816496580927726,0.0,
2025-07-11_11-49-30,2025-07-11_11-49-45,5,3,-64.54333035714285,-13.334263392857167,1.0005580357142847,0.009078125000000048,-0.00994866071425804,0.0009140624999872671,135.00208947753907,0.001094970703150011,135.0001611328125,23061.4,27180.333333333332,0.0,515.1333333333333,47.13333333333333,0.0,0.13333333333333333,0.0,17.77588878853063,19.28298040587437,0.0,7.611832893594018,2.0725722075613087,0.0,0.0816496580927726,0.0,
2025-07-11_11-49-45,2025-07-11_11-50-01,5,3,-64.54333035714285,-12.229352678571445,1.0005580357142847,0.009078125000000048,-0.00994866071425804,0.0009140624999872671,135.00208947753907,0.001094970703150011,135.0001611328125,22988.93333333333,27048.13333333333,0.0,510.9333333333334,67.93333333333334,0.0,0.06666666666666667,0.0,28.93736531046141,39.01034050949427,0.0,11.351162446590607,1.736535503684148,0.0,0.06666666666666667,0.0,
2025-07-11_11-50-01,2025-07-11_11-50-17,5,3,-64.54333035714285,-11.111886160714278,1.0005580357142847,0.009078125000000048,-0.00994866071425804,0.0009140624999872671,135.00208947753907,0.001094970703150011,135.0001611328125,22921.0,26947.26666666667,0.0,522.0000000000001,97.53333333333333,0.0,0.13333333333333333,0.0,47.71955108292166,44.81894440722331,0.0,8.578396638585145,3.925132694147633,0.0,0.0816496580927726,0.0,
2025-07-11_11-50-17,2025-07-11_11-50-32,5,3,-64.54333035714285,-10.004464285714278,1.0005580357142847,0.009078125000000048,-0.00994866071425804,0.0009140624999872671,135.00208947753907,0.001094970703150011,135.0001611328125,23065.399999999998,27114.466666666664,0.0,515.8,136.66666666666669,0.0,0.06666666666666667,0.0,33.575354718073044,63.21441467119833,0.0,5.473775865179554,3.404245715116477,0.0,0.06666666666666667,0.0,
