start,stop,num_samp,samp_period,C_UV_HWP,C_QP,C_PCC,B_C_HWP,B_C_QWP,B_HWP,B_QWP,A_HWP,A_QWP,A,B,Ap,Bp,C4,C5,C6,C7,A_SEM,B_SEM,Ap_SEM,Bp_SEM,C4_SEM,C5_SEM,C6_SEM,C7_SEM,note
2025-05-30_15-57-25,2025-05-30_15-57-40,5,3,-65.42284598214286,-19.993861607142833,1.0080915178571423,-0.002511160714277594,0.0,0.0012214355468813665,45.001015624999994,0.0008581542968499889,135.00031481933593,26101.333333333332,28923.13333333333,0.0,506.8666666666667,1201.0,0.0,0.06666666666666667,0.0,24.93213009574391,58.11890111372235,0.0,7.390384142774835,5.913261931173575,0.0,0.06666666666666667,0.0,
2025-05-30_15-57-41,2025-05-30_15-57-56,5,3,-65.42284598214286,-18.886439732142833,1.0080915178571423,-0.002511160714277594,0.0,0.0012214355468813665,45.001015624999994,0.0008581542968499889,135.00031481933593,26181.666666666664,29006.0,0.0,509.4666666666667,1304.6,0.0,0.13333333333333333,0.0,64.90445969953714,10.181137242742063,0.0,5.042706504337615,5.638557735213265,0.0,0.0816496580927726,0.0,
2025-05-30_15-57-57,2025-05-30_15-58-12,5,3,-65.42284598214286,-17.779017857142833,1.0080915178571423,-0.002511160714277594,0.0,0.0012214355468813665,45.001015624999994,0.0008581542968499889,135.00031481933593,26201.866666666665,28920.333333333332,0.0,508.4,1371.0000000000002,0.0,0.06666666666666667,0.0,33.587133779998666,40.66407095541052,0.0,6.223968009058027,12.436505404118403,0.0,0.06666666666666667,0.0,
2025-05-30_15-58-13,2025-05-30_15-58-28,5,3,-65.42284598214286,-16.661551339285722,1.0080915178571423,-0.002511160714277594,0.0,0.0012214355468813665,45.001015624999994,0.0008581542968499889,135.00031481933593,26309.06666666667,29087.86666666667,0.0,510.9333333333334,1431.2666666666667,0.0,0.2,0.0,30.168305664499595,33.543106594351094,0.0,5.975319610233793,11.76973519951349,0.0,0.1333333333333333,0.0,
2025-05-30_15-58-30,2025-05-30_15-58-45,5,3,-65.42284598214286,-15.554129464285722,1.0080915178571423,-0.002511160714277594,0.0,0.0012214355468813665,45.001015624999994,0.0008581542968499889,135.00031481933593,26366.066666666662,29079.73333333333,0.0,510.4666666666666,1457.3333333333335,0.0,0.0,0.0,23.98573650225377,58.10119524492503,0.0,4.331538089665405,7.3726220271729215,0.0,0.0,0.0,
2025-05-30_15-58-46,2025-05-30_15-59-01,5,3,-65.42284598214286,-14.441685267857167,1.0080915178571423,-0.002511160714277594,0.0,0.0012214355468813665,45.001015624999994,0.0008581542968499889,135.00031481933593,26444.6,29096.533333333333,0.0,514.2,1475.8000000000002,0.0,0.0,0.0,49.87110051589685,51.94725957909378,0.0,6.588373597988108,10.75825264622465,0.0,0.0,0.0,
2025-05-30_15-59-03,2025-05-30_15-59-18,5,3,-65.42284598214286,-13.329241071428555,1.0080915178571423,-0.002511160714277594,0.0,0.0012214355468813665,45.001015624999994,0.0008581542968499889,135.00031481933593,26423.26666666667,29152.333333333332,0.0,512.0,1461.6666666666667,0.0,0.06666666666666667,0.0,33.095719763538625,31.143931101330576,0.0,6.219146064997813,6.130071596464268,0.0,0.06666666666666667,0.0,
2025-05-30_15-59-19,2025-05-30_15-59-34,5,3,-65.42284598214286,-12.221819196428555,1.0080915178571423,-0.002511160714277594,0.0,0.0012214355468813665,45.001015624999994,0.0008581542968499889,135.00031481933593,26528.93333333333,29223.86666666666,0.0,517.4,1444.7333333333333,0.0,0.4,0.0,43.836742579712926,27.253664381551207,0.0,3.4567164895155797,5.28877217424907,0.0,0.1632993161855452,0.0,
2025-05-30_15-59-35,2025-05-30_15-59-50,5,3,-65.42284598214286,-11.104352678571445,1.0080915178571423,-0.002511160714277594,0.0,0.0012214355468813665,45.001015624999994,0.0008581542968499889,135.00031481933593,26475.86666666667,29209.466666666664,0.0,506.33333333333337,1443.7999999999997,0.0,0.06666666666666667,0.0,45.179961143064915,38.62678978233739,0.0,7.732327520797925,16.865349092147486,0.0,0.06666666666666667,0.0,
2025-05-30_15-59-51,2025-05-30_16-00-07,5,3,-65.42284598214286,-9.996930803571445,1.0080915178571423,-0.002511160714277594,0.0,0.0012214355468813665,45.001015624999994,0.0008581542968499889,135.00031481933593,26493.733333333337,29263.0,0.0,508.4,1383.0,0.0,0.13333333333333333,0.0,71.61388754207434,50.95455491579407,0.0,5.46239670637146,15.679781744512786,0.0,0.0816496580927726,0.0,
