start,stop,num_samp,samp_period,C_UV_HWP,C_QP,C_PCC,B_C_HWP,B_C_QWP,B_HWP,B_QWP,A_HWP,A_QWP,A,B,Ap,Bp,C4,C5,C6,C7,A_SEM,B_SEM,Ap_SEM,Bp_SEM,C4_SEM,C5_SEM,C6_SEM,C7_SEM,note
2025-07-11_11-39-05,2025-07-11_11-39-20,5,3,-64.54333035714285,-19.998883928571445,1.0005580357142847,0.009078125000000048,-0.00994866071425804,0.0009140624999872671,44.999876953124996,0.001094970703150011,45.00107666015625,23153.133333333335,26870.0,0.0,513.2666666666667,184.6,0.0,0.2,0.0,39.370124036719744,38.03828480769225,0.0,3.799707591088791,2.012185103038209,0.0,0.20000000000000004,0.0,
2025-07-11_11-39-21,2025-07-11_11-39-37,5,3,-64.54333035714285,-18.916573660714278,1.0005580357142847,0.009078125000000048,-0.00994866071425804,0.0009140624999872671,44.999876953124996,0.001094970703150011,45.00107666015625,23135.4,26750.0,0.0,507.4666666666667,109.0,0.0,0.06666666666666667,0.0,20.66811822859351,39.26830783214399,0.0,3.2771939216347783,2.0682789409984763,0.0,0.06666666666666667,0.0,
2025-07-11_11-39-37,2025-07-11_11-39-53,5,3,-64.54333035714285,-17.781529017857167,1.0005580357142847,0.009078125000000048,-0.00994866071425804,0.0009140624999872671,44.999876953124996,0.001094970703150011,45.00107666015625,23229.066666666666,26755.86666666667,0.0,510.6666666666667,64.2,0.0,0.13333333333333333,0.0,46.157026671040164,35.686069488745304,0.0,5.158595846847377,3.0140412147886173,0.0,0.0816496580927726,0.0,
2025-07-11_11-39-54,2025-07-11_11-40-09,5,3,-64.54333035714285,-16.659040178571445,1.0005580357142847,0.009078125000000048,-0.00994866071425804,0.0009140624999872671,44.999876953124996,0.001094970703150011,45.00107666015625,23392.933333333334,26944.2,0.0,505.4,35.8,0.0,0.2,0.0,34.88766098334584,76.8486680286508,0.0,7.534660650030053,2.24746771080501,0.0,0.0816496580927726,0.0,
2025-07-11_11-40-09,2025-07-11_11-40-24,5,3,-64.54333035714285,-15.554129464285722,1.0005580357142847,0.009078125000000048,-0.00994866071425804,0.0009140624999872671,44.999876953124996,0.001094970703150011,45.00107666015625,23315.73333333333,26699.26666666667,0.0,532.8,24.933333333333334,0.0,0.06666666666666667,0.0,46.06268675523727,36.414038806787744,0.0,3.4906223577528954,1.1224972160321822,0.0,0.06666666666666667,0.0,
2025-07-11_11-40-25,2025-07-11_11-40-40,5,3,-64.54333035714285,-14.436662946428555,1.0005580357142847,0.009078125000000048,-0.00994866071425804,0.0009140624999872671,44.999876953124996,0.001094970703150011,45.00107666015625,23359.066666666666,26844.26666666667,0.0,516.4666666666667,33.866666666666674,0.0,0.06666666666666667,0.0,44.32385863668073,33.8889362476902,0.0,6.481255022498859,2.262250600127621,0.0,0.06666666666666667,0.0,
2025-07-11_11-40-41,2025-07-11_11-40-56,5,3,-64.54333035714285,-13.326729910714278,1.0005580357142847,0.009078125000000048,-0.00994866071425804,0.0009140624999872671,44.999876953124996,0.001094970703150011,45.00107666015625,23453.13333333333,27044.8,0.0,515.3333333333333,49.99999999999999,0.0,0.06666666666666667,0.0,94.58973399781698,55.60981128462045,0.0,4.6749925727807815,1.7919573407620806,0.0,0.06666666666666667,0.0,
2025-07-11_11-40-57,2025-07-11_11-41-12,5,3,-64.54333035714285,-12.226841517857167,1.0005580357142847,0.009078125000000048,-0.00994866071425804,0.0009140624999872671,44.999876953124996,0.001094970703150011,45.00107666015625,23401.933333333334,26950.733333333337,0.0,519.4666666666667,79.26666666666667,0.0,0.13333333333333333,0.0,18.75111848515843,33.78500653643019,0.0,4.367302752653338,3.385262175962152,0.0,0.0816496580927726,0.0,
2025-07-11_11-41-13,2025-07-11_11-41-28,5,3,-64.54333035714285,-11.114397321428555,1.0005580357142847,0.009078125000000048,-0.00994866071425804,0.0009140624999872671,44.999876953124996,0.001094970703150011,45.00107666015625,23302.26666666667,26823.4,0.0,511.0666666666666,123.33333333333334,0.0,0.13333333333333333,0.0,24.154916683772587,35.58251755505199,0.0,2.493101593508688,1.4529663145135585,0.0,0.0816496580927726,0.0,
2025-07-11_11-41-29,2025-07-11_11-41-45,5,3,-64.54333035714285,-10.006975446428555,1.0005580357142847,0.009078125000000048,-0.00994866071425804,0.0009140624999872671,44.999876953124996,0.001094970703150011,45.00107666015625,23432.6,27070.86666666667,0.0,512.2666666666667,166.2,0.0,0.06666666666666667,0.0,33.709279961985686,13.359807051168199,0.0,8.803660854692456,2.1822516404443886,0.0,0.06666666666666667,0.0,
