start,stop,num_samp,samp_period,C_UV_HWP,C_QP,C_PCC,B_C_HWP,B_C_QWP,B_HWP,B_QWP,A_HWP,A_QWP,A,B,Ap,Bp,C4,C5,C6,C7,A_SEM,B_SEM,Ap_SEM,Bp_SEM,C4_SEM,C5_SEM,C6_SEM,C7_SEM,note
2025-05-30_15-54-18,2025-05-30_15-54-34,5,3,-65.42284598214286,-20.00390625,1.0080915178571423,-0.002511160714277594,0.0,0.0012214355468813665,135.00296874999998,0.0008581542968499889,45.00018511962891,26365.73333333333,28998.333333333336,0.0,510.4666666666666,1284.8666666666666,0.0,0.06666666666666667,0.0,46.19023465818075,57.352322436749915,0.0,4.160128203152714,2.421202639644653,0.0,0.06666666666666667,0.0,
2025-05-30_15-54-35,2025-05-30_15-54-50,5,3,-65.42284598214286,-18.883928571428555,1.0080915178571423,-0.002511160714277594,0.0,0.0012214355468813665,135.00296874999998,0.0008581542968499889,45.00018511962891,26426.666666666664,29190.8,0.0,512.9333333333334,1363.0,0.0,0.26666666666666666,0.0,52.53263535915347,44.94361900079795,0.0,5.58907664805,9.214722519485392,0.0,0.12472191289246469,0.0,
2025-05-30_15-54-51,2025-05-30_15-55-07,5,3,-65.42284598214286,-17.771484375,1.0080915178571423,-0.002511160714277594,0.0,0.0012214355468813665,135.00296874999998,0.0008581542968499889,45.00018511962891,26512.06666666667,29175.4,0.0,501.8,1424.5333333333333,0.0,0.06666666666666667,0.0,24.558863527813664,37.11085495586901,0.0,5.474790711372745,9.287147630522043,0.0,0.06666666666666667,0.0,
2025-05-30_15-55-08,2025-05-30_15-55-23,5,3,-65.42284598214286,-16.671595982142833,1.0080915178571423,-0.002511160714277594,0.0,0.0012214355468813665,135.00296874999998,0.0008581542968499889,45.00018511962891,26586.73333333333,29296.933333333338,0.0,512.3333333333333,1465.7333333333331,0.0,0.13333333333333333,0.0,22.76434834462764,23.144569797494665,0.0,2.844097201026865,5.630669981844465,0.0,0.0816496580927726,0.0,
2025-05-30_15-55-24,2025-05-30_15-55-39,5,3,-65.42284598214286,-15.556640625,1.0080915178571423,-0.002511160714277594,0.0,0.0012214355468813665,135.00296874999998,0.0008581542968499889,45.00018511962891,26699.533333333333,29395.466666666667,0.0,516.5333333333333,1488.2,0.0,0.2,0.0,33.77780336256343,60.225188528831794,0.0,5.18930524144503,15.306353074604166,0.0,0.13333333333333333,0.0,
2025-05-30_15-55-40,2025-05-30_15-55-55,5,3,-65.42284598214286,-14.436662946428555,1.0080915178571423,-0.002511160714277594,0.0,0.0012214355468813665,135.00296874999998,0.0008581542968499889,45.00018511962891,26675.13333333333,29378.333333333332,0.0,513.5333333333333,1473.9333333333334,0.0,0.26666666666666666,0.0,71.33711827964746,32.244207059391066,0.0,7.454007125179197,9.905329654057722,0.0,0.12472191289246469,0.0,
2025-05-30_15-55-56,2025-05-30_15-56-12,5,3,-65.42284598214286,-13.32421875,1.0080915178571423,-0.002511160714277594,0.0,0.0012214355468813665,135.00296874999998,0.0008581542968499889,45.00018511962891,26687.4,29405.733333333337,0.0,510.5333333333333,1454.8666666666666,0.0,0.0,0.0,32.61039370780105,35.79872747583163,0.0,6.396700538385223,6.311013301276485,0.0,0.0,0.0,
2025-05-30_15-56-13,2025-05-30_15-56-29,5,3,-65.42284598214286,-12.224330357142833,1.0080915178571423,-0.002511160714277594,0.0,0.0012214355468813665,135.00296874999998,0.0008581542968499889,45.00018511962891,26690.6,29412.733333333337,0.0,515.9333333333333,1417.4666666666667,0.0,0.06666666666666667,0.0,10.895156926104429,20.69981213011877,0.0,7.821906559287329,10.900356772958322,0.0,0.06666666666666667,0.0,
2025-05-30_15-56-30,2025-05-30_15-56-45,5,3,-65.42284598214286,-11.104352678571445,1.0080915178571423,-0.002511160714277594,0.0,0.0012214355468813665,135.00296874999998,0.0008581542968499889,45.00018511962891,26687.4,29360.6,0.0,505.2666666666666,1368.7333333333331,0.0,0.13333333333333333,0.0,35.45190795680509,62.100939338037996,0.0,5.078713747922134,12.492842395192168,0.0,0.0816496580927726,0.0,
2025-05-30_15-56-46,2025-05-30_15-57-01,5,3,-65.42284598214286,-10.001953125,1.0080915178571423,-0.002511160714277594,0.0,0.0012214355468813665,135.00296874999998,0.0008581542968499889,45.00018511962891,26614.533333333336,29300.333333333332,0.0,515.5333333333333,1321.0666666666666,0.0,0.06666666666666667,0.0,52.76200232069352,14.55983821643972,0.0,6.911825615084154,5.837998134825191,0.0,0.06666666666666667,0.0,
